23.0709
23.7566
25.2016
25.0181
31.8079
23.1504
23.7021
25.1919
25.1321
31.5402
23.2248
22.9678
24.0901
24.9381
30.0240
22.6048
22.2375
22.2274
23.2296
28.2089
21.8905
21.5978
21.4909
21.9572
26.8346
26.6883
29.3060
29.1253
29.2664
27.3363
26.9199
26.8278
33.5002
33.8357
33.2378
31.4569
26.5881
26.1942
0.7864
0.7454
0.8400
0.8269
0.9304
0.7834
0.7365
0.8377
0.8259
0.9294
0.7687
0.7002
0.7929
0.8015
0.9185
0.6878
0.6217
0.7107
0.7140
0.8947
0.5818
0.5721
0.6702
0.6379
0.8701
0.8951
0.9137
0.9171
0.9204
0.8616
0.8734
0.8571
0.9610
0.9557
0.9597
0.9590
0.8509
0.8138
0.5176
0.0199
0.0239
0.0200
0.0199
0.0199
0.0219
0.0219
0.0199
0.0199
0.0219
0.0199
0.0209
0.0199
0.0199
0.0199
0.0199
0.0199
0.0220
0.0209
0.0199
0.0199
0.0219
0.0199
0.0209
0.0199
0.0219
0.0200
0.0199
0.0199
0.0229
0.0199
0.0199
0.0199
0.0219
0.0209
0.0239
0.0342
