21.3777
33.1709
29.9798
25.0940
21.8279
32.4152
21.3138
30.5902
28.5072
25.5623
21.3910
30.4656
19.1280
26.1832
24.6311
23.5727
21.0738
27.0967
23.2976
21.8233
20.8996
20.9529
24.4150
21.1619
20.0815
18.9013
19.5127
22.7709
23.0442
26.0815
25.5326
26.0847
22.9441
22.6257
22.4320
22.5161
22.3292
22.4492
22.9032
20.6053
28.7599
34.1096
24.2766
0.8530
0.9596
0.9496
0.8944
0.8654
0.9558
0.7831
0.9223
0.9137
0.8846
0.8367
0.9307
0.6685
0.8094
0.8013
0.7936
0.7646
0.8570
0.6966
0.6942
0.6607
0.6726
0.7746
0.5993
0.6064
0.5587
0.5732
0.7044
0.7996
0.8456
0.8309
0.8550
0.7389
0.7371
0.7196
0.7071
0.7061
0.7050
0.7318
0.6163
0.9566
0.9888
0.7839
0.5495
0.0519
0.0558
0.0568
0.0549
0.0568
0.0568
0.0549
0.0569
0.0579
0.0578
0.0578
0.0579
0.0578
0.0578
0.0568
0.0568
0.0568
0.0568
0.0568
0.0558
0.0568
0.0578
0.0568
0.0569
0.0568
0.0568
0.0568
0.0568
0.0598
0.0568
0.0508
0.0519
0.0509
0.0509
0.0509
0.0519
0.0519
0.0539
0.0509
0.0280
0.0628
0.0669
