31.6231
31.2235
29.0867
29.6668
32.7280
30.8480
30.5423
28.9289
29.4700
31.6164
28.5605
28.2270
27.1699
27.7380
29.3792
27.2443
26.4688
25.3448
26.2640
27.8831
26.2545
25.5886
24.2589
25.1716
27.1356
26.5226
29.2725
28.8380
29.1991
27.4459
26.9921
26.7375
31.7324
32.7753
31.4179
33.2903
26.3434
28.6213
0.9209
0.9001
0.9104
0.9263
0.9152
0.9047
0.8910
0.9078
0.9181
0.8854
0.8685
0.8705
0.8809
0.8848
0.8689
0.8580
0.8555
0.8371
0.8549
0.8831
0.8375
0.8296
0.8018
0.8270
0.8685
0.8906
0.8906
0.8923
0.8896
0.8570
0.8679
0.8553
0.9453
0.9510
0.9424
0.9605
0.8442
0.8836
0.5874
0.0219
0.0209
0.0199
0.0199
0.0199
0.0209
0.0209
0.0199
0.0199
0.0199
0.0199
0.0199
0.0319
0.0229
0.0199
0.0199
0.0199
0.0209
0.0199
0.0199
0.0199
0.0199
0.0199
0.0239
0.0209
0.0199
0.0209
0.0199
0.0199
0.0209
0.0199
0.0219
0.0199
0.0219
0.0199
0.0199
0.0361
