23.3906
23.3967
23.3692
23.1335
22.9480
22.9215
23.2252
23.2363
22.5094
22.6116
22.5506
23.3831
22.7734
22.8222
22.8380
23.1860
23.1257
23.1675
23.1783
23.0004
23.1767
23.0571
22.9557
23.1212
23.2008
23.4302
23.2232
22.9530
22.3640
22.2844
23.2333
22.2834
22.2561
23.2353
23.2295
23.3051
23.3169
23.3942
22.9517
22.4840
22.7205
22.8360
22.9829
25.1848
22.3716
25.0437
22.9183
22.9482
22.8727
22.8108
22.9636
22.8226
24.6887
23.0828
0.8446
0.8458
0.8481
0.8541
0.7203
0.8599
0.8457
0.8571
0.7120
0.7147
0.7242
0.8635
0.7202
0.7223
0.7203
0.8391
0.8280
0.8359
0.8325
0.8589
0.8492
0.8543
0.7159
0.8585
0.7851
0.8441
0.8438
0.8449
0.7042
0.7063
0.8201
0.7047
0.7071
0.8346
0.8371
0.8394
0.8413
0.8265
0.7178
0.6935
0.7019
0.7112
0.7050
0.7868
0.7072
0.8377
0.7092
0.7156
0.7119
0.7202
0.7200
0.7145
0.8438
0.7823
