31.7219
32.1239
30.6655
30.9977
33.5491
30.8476
31.1283
29.8974
30.3946
32.6554
28.9079
28.6578
27.6462
28.1967
30.1559
27.1180
26.6989
25.5855
26.5163
28.3839
25.9761
25.6035
24.2504
25.0917
27.2842
26.5369
29.4077
29.0738
29.3163
27.5034
27.0798
26.9341
34.3856
34.9853
33.7802
33.7410
26.4035
29.1676
0.9436
0.9467
0.9315
0.9426
0.9582
0.9303
0.9330
0.9205
0.9292
0.9476
0.8960
0.8971
0.8854
0.8931
0.9205
0.8625
0.8620
0.8363
0.8555
0.8943
0.8363
0.8280
0.7946
0.8190
0.8732
0.8910
0.9152
0.9149
0.9208
0.8667
0.8746
0.8607
0.9572
0.9592
0.9549
0.9681
0.8422
0.8990
0.4817
0.0180
0.0180
0.0189
0.0199
0.0189
0.0180
0.0199
0.0190
0.0180
0.0189
0.0180
0.0189
0.0189
0.0180
0.0189
0.0190
0.0180
0.0189
0.0189
0.0180
0.0189
0.0180
0.0180
0.0189
0.0189
0.0189
0.0190
0.0179
0.0180
0.0189
0.0180
0.0180
0.0189
0.0180
0.0180
0.0179
0.0311
