24.1297
23.9023
23.8553
23.5279
31.8429
23.9135
23.8408
23.6104
23.4549
31.4078
23.5885
23.2027
23.3160
22.9658
29.6364
22.5983
21.9882
21.8172
21.8843
27.0012
21.1689
20.6248
20.0033
20.2934
24.4133
26.5723
29.0265
28.7986
28.9913
26.0744
25.6302
25.2731
33.6599
34.2234
33.3359
31.9331
22.7238
25.5197
0.7398
0.7039
0.7914
0.7435
0.9257
0.7287
0.6966
0.7917
0.7403
0.9220
0.6959
0.6744
0.7675
0.7178
0.9076
0.6288
0.6011
0.6790
0.6360
0.8617
0.5415
0.5114
0.5589
0.5313
0.7869
0.8930
0.9018
0.9077
0.9093
0.8289
0.8406
0.8239
0.9607
0.9609
0.9623
0.9683
0.7289
0.7721
0.4957
0.0239
0.0239
0.0259
0.0249
0.0279
0.0279
0.0249
0.0289
0.0249
0.0239
0.0259
0.0259
0.0239
0.0269
0.0249
0.0249
0.0239
0.0249
0.0259
0.0240
0.0259
0.0249
0.0828
0.0808
0.0748
0.0748
0.0748
0.0678
0.0698
0.0758
0.0618
0.0628
0.0618
0.0648
0.0619
0.0618
0.0549
