24.8759
22.4312
24.0496
25.3285
25.2577
24.7498
24.3739
22.7694
23.8309
25.9148
25.1912
24.6745
22.0720
22.9130
23.5987
24.7548
24.8571
23.8449
22.3091
23.0265
22.9892
23.0635
23.3221
21.0842
21.4213
20.8815
21.0369
22.6026
26.4470
24.8143
25.5517
26.8820
24.8136
24.4101
24.9279
34.1130
34.1392
33.6119
32.8135
22.8139
22.8962
21.8151
24.6970
0.9004
0.8042
0.8696
0.8888
0.8614
0.8894
0.8757
0.7956
0.8564
0.8830
0.8527
0.8792
0.7779
0.7672
0.8191
0.8383
0.8197
0.8371
0.7243
0.7632
0.7581
0.7333
0.7891
0.6539
0.6783
0.6637
0.6363
0.7336
0.8921
0.8425
0.8624
0.8541
0.7853
0.7897
0.7873
0.9654
0.9615
0.9647
0.9652
0.7223
0.7280
0.6605
0.8126
0.5944
0.0499
0.0519
0.0509
0.0559
0.0519
0.0529
0.0509
0.0519
0.0509
0.0529
0.0529
0.0529
0.0529
0.0539
0.0539
0.0509
0.0509
0.0539
0.0509
0.0519
0.0499
0.0519
0.0509
0.0509
0.0519
0.0529
0.0529
0.0509
0.0509
0.0937
0.0529
0.0499
0.0509
0.0458
0.0459
0.0458
0.0459
0.0469
0.0459
0.0200
0.0459
0.0641
