31.2635
31.1816
29.4514
30.1065
32.4947
30.7110
30.5185
29.2194
29.6894
31.8678
29.0808
28.6128
27.4222
27.9288
30.0409
27.2742
26.6946
25.4346
26.3705
28.4350
25.8591
25.6292
24.2676
25.0156
27.0975
26.5973
29.3757
29.0480
29.4021
27.4759
27.0346
26.8723
33.5114
33.8092
32.7825
33.7289
26.4183
28.8574
0.9307
0.9360
0.9210
0.9294
0.9454
0.9231
0.9287
0.9159
0.9237
0.9382
0.8958
0.8959
0.8827
0.8894
0.9170
0.8668
0.8636
0.8378
0.8568
0.8957
0.8402
0.8337
0.8073
0.8285
0.8752
0.8935
0.9137
0.9145
0.9211
0.8636
0.8754
0.8618
0.9492
0.9542
0.9433
0.9639
0.8517
0.8969
0.4757
0.0140
0.0140
0.0140
0.0140
0.0130
0.0140
0.0140
0.0140
0.0150
0.0140
0.0140
0.0139
0.0130
0.0160
0.0140
0.0139
0.0140
0.0140
0.0140
0.0140
0.0140
0.0139
0.0140
0.0140
0.0140
0.0140
0.0150
0.0130
0.0140
0.0160
0.0140
0.0140
0.0140
0.0150
0.0140
0.0130
0.0265
