30.3375
33.0438
32.9047
32.1019
32.2392
30.4383
24.8089
29.9813
29.3790
28.5461
28.9905
30.0107
18.7885
25.3957
24.3646
23.8141
24.4111
27.6207
22.3919
21.1459
20.4035
21.1539
24.2060
20.0171
19.0201
18.0151
18.6194
21.8422
23.5684
26.3728
25.8085
26.3853
22.8663
22.4564
22.2304
23.5898
23.2778
23.6073
23.9533
19.7302
31.5178
26.3303
25.1354
0.7188
0.9018
0.8782
0.9186
0.9137
0.9366
0.5765
0.8606
0.8299
0.8637
0.8669
0.9290
0.4445
0.7440
0.6896
0.7293
0.7461
0.8673
0.6375
0.5617
0.5717
0.5890
0.7596
0.5346
0.4817
0.4542
0.4713
0.6641
0.8146
0.8596
0.8435
0.8695
0.7257
0.7217
0.6980
0.8086
0.8046
0.8015
0.8412
0.5402
0.9767
0.8876
0.7460
0.5595
0.0509
0.0509
0.0549
0.0519
0.0549
0.0529
0.0539
0.0539
0.0509
0.0549
0.0529
0.0519
0.0539
0.0529
0.0529
0.0509
0.0529
0.0509
0.0538
0.0509
0.0539
0.0528
0.0529
0.0519
0.0548
0.0559
0.0509
0.0509
0.0509
0.0529
0.0509
0.0509
0.0508
0.0508
0.0499
0.0508
0.0499
0.0558
0.0539
0.0259
0.0578
0.0640
