28.7689
31.9677
31.6572
31.0131
30.8150
34.6131
24.0442
29.7405
29.0924
28.3974
28.5532
31.6138
18.7156
25.5365
24.3317
23.7235
24.1264
26.9141
22.3534
21.0622
20.2091
20.9070
23.6616
19.9963
18.8484
17.8459
18.4476
21.5952
23.0168
25.8677
25.1951
25.8119
22.4211
22.0490
21.8257
22.9845
22.7680
22.9406
23.2996
19.6558
32.4679
31.3852
25.0057
0.6105
0.8943
0.8565
0.9235
0.9026
0.9430
0.4787
0.8574
0.8171
0.8809
0.8656
0.9146
0.3857
0.7440
0.6834
0.7325
0.7243
0.8194
0.6255
0.5605
0.5700
0.5733
0.7168
0.5264
0.4753
0.4530
0.4580
0.6340
0.7871
0.8109
0.7969
0.8190
0.6850
0.6842
0.6635
0.7521
0.7626
0.7373
0.7758
0.5325
0.9776
0.9610
0.7232
0.5386
0.0509
0.0499
0.0549
0.0509
0.0529
0.0519
0.0559
0.0519
0.0529
0.0529
0.0539
0.0529
0.0549
0.0519
0.0549
0.0528
0.0529
0.0549
0.0529
0.0538
0.0529
0.0539
0.0529
0.0529
0.0529
0.0509
0.0568
0.0529
0.0528
0.0529
0.0529
0.0509
0.0499
0.0509
0.0967
0.1118
0.0519
0.0519
0.0519
0.0229
0.0529
0.0661
