23.3460
23.5820
23.6461
23.0427
32.5212
23.1630
23.4129
23.0892
22.8057
32.0330
22.9949
22.5736
22.7119
22.2357
30.1550
22.2006
21.8079
21.7159
21.3810
28.3840
21.4585
21.0571
20.6276
20.9378
27.0178
26.7084
29.3709
29.2087
29.3851
27.4654
27.0755
26.8388
34.4791
35.4539
34.4964
31.3388
26.5966
25.8465
0.8044
0.7803
0.8636
0.8401
0.9407
0.7964
0.7659
0.8469
0.8258
0.9366
0.7720
0.7034
0.7793
0.7575
0.9202
0.6711
0.6077
0.6929
0.6468
0.8961
0.6015
0.5699
0.6452
0.6153
0.8711
0.8942
0.9131
0.9172
0.9196
0.8646
0.8732
0.8534
0.9707
0.9722
0.9686
0.9689
0.8470
0.8139
0.5896
0.0249
0.0259
0.0249
0.0249
0.0250
0.0259
0.0249
0.0249
0.0249
0.0249
0.0249
0.0259
0.0239
0.0239
0.0249
0.0249
0.0239
0.0249
0.0239
0.0249
0.0259
0.0239
0.0249
0.0249
0.0269
0.0249
0.0249
0.0249
0.0249
0.0239
0.0249
0.0259
0.0240
0.0249
0.0249
0.0259
0.0402
