30.7469
31.2489
29.3030
29.7378
32.2799
30.1478
30.6206
28.8647
29.2345
31.8271
28.5344
28.6309
27.0971
27.4927
29.7281
26.4687
26.6066
25.2745
26.0983
27.5903
25.1213
25.4419
23.9867
24.7394
25.7151
26.7551
28.7451
28.6284
28.5845
26.3666
26.1386
26.0460
34.2220
34.5164
33.8209
33.0356
26.3620
28.5340
0.9098
0.9130
0.9034
0.9118
0.9209
0.9075
0.9075
0.8999
0.9077
0.9214
0.8917
0.8829
0.8778
0.8874
0.8800
0.8558
0.8445
0.8305
0.8534
0.8226
0.8257
0.8138
0.7855
0.8172
0.7849
0.8967
0.8338
0.8531
0.8293
0.7622
0.7798
0.7796
0.9678
0.9681
0.9664
0.9737
0.8345
0.8703
0.4847
0.0179
0.0199
0.0179
0.0180
0.0189
0.0189
0.0180
0.0180
0.0189
0.0199
0.0179
0.0189
0.0179
0.0199
0.0180
0.0180
0.0179
0.0199
0.0180
0.0189
0.0180
0.0189
0.0179
0.0219
0.0209
0.0189
0.0219
0.0209
0.0199
0.0180
0.0179
0.0189
0.0179
0.0179
0.0180
0.0179
0.0314
