24.6733
26.2878
27.9827
26.3974
32.6422
24.9955
25.6484
27.1784
26.0453
32.1635
24.1919
23.4422
25.0085
24.4645
30.3523
21.7418
22.1780
22.7109
22.3560
28.3466
20.6312
21.3855
21.3424
20.7222
27.2174
27.0727
29.8638
29.5937
29.9784
28.1635
27.7610
27.4106
37.9778
38.4823
37.6871
37.6325
27.2914
27.2708
0.8527
0.8058
0.8814
0.8782
0.9454
0.8376
0.7931
0.8764
0.8665
0.9412
0.7534
0.7317
0.8229
0.8185
0.9266
0.6462
0.6468
0.7283
0.6918
0.9041
0.6516
0.6092
0.6677
0.6412
0.8878
0.9012
0.9229
0.9238
0.9288
0.8820
0.8902
0.8740
0.9838
0.9853
0.9821
0.9856
0.8674
0.8360
0.4857
0.0249
0.0239
0.0259
0.0269
0.0239
0.0249
0.0259
0.0249
0.0249
0.0259
0.0249
0.0249
0.0249
0.0249
0.0249
0.0249
0.0249
0.0249
0.0249
0.0249
0.0259
0.0249
0.0249
0.0249
0.0239
0.0239
0.0249
0.0249
0.0249
0.0249
0.0239
0.0249
0.0249
0.0249
0.0239
0.0239
0.0374
