4440.15166845987
743.359499909157
563.6566428251044
460.1806864184002
351.8533497300259
288.3463572125102
257.7252911412439
227.91922857595046
213.88159765199174
199.2508861630462
186.75727019199104
173.231855436813
171.63247130637944
165.6319124088731
160.6626795835273
156.54779301133266
150.38798443106717
138.32780008537824
133.8857861008755
132.61918467144633
125.97227957082349
126.04886254598928
121.05394926736521
115.38712812024494
110.58037975222565
112.62208326472792
112.47753821971804
109.93086131783419
99.2099807650544
97.45320484250091
100.95349231986113
80.96977553256723
80.05077685866245
79.49707709911257
79.51293333186659
78.99003463567689
78.41526111336641
78.04624752665676
78.00190641713696
77.26664991157
78.03327119073202
77.42595308880473
76.68097972869873
77.52396339593932
77.07873040576314
75.86543535631756
75.25051593780518
75.86711493203806
74.76474158708439
74.2666752837425
75.05435943603516
74.20747373270434
73.1554336104282
72.88728334737378
72.91065544305846
72.82156693658163
71.28578846953636
72.19147216442019
71.46461336002794
70.61542730553205
71.10026328508243
67.20570921343426
66.58237129033998
66.51231581665749
66.2881058315898
66.40243188724962
66.31675269991852
66.44123693954113
66.10309117339378
65.92742933228959
65.4426834416944
65.55740693558094
65.92628944751829
65.76694089312886
65.86492323320965
65.59873086352681
65.34316211523011
65.60642725922341
65.60475531289744
65.20150745746702
65.34246012221935
65.5389885347943
64.76016044616699
65.3231319604918
64.777500063874
65.18158965887025
65.45143675249676
64.61319475395734
64.95068541238474
64.93549777186195
64.86807769952819
64.07739601578824
64.54208161110101
64.37950832899227
64.19070046447044
64.23555334224257
63.91882803273756
64.28330297248309
64.39597526816435
64.27310976871225
64.22035390277242
63.72799445307532
64.4979623528414
63.935833110365756
64.35832223226858
64.21865946747536
64.00387930315594
64.01195202317349
64.19625217970028
64.48931580920552
63.989994115607686
64.06877293697623
64.0374364187551
64.065298346586
64.03141673775606
64.00648722537728
63.95053701622542
64.40798209434332
63.92324948865314
63.98474684426951
64.20038405130076
64.09573614874552
63.708748085554255
63.74855968564056
64.04639033384102
64.07934528173402
63.983037460682006
64.12511763461801
63.77120210958082
63.94542935837147
63.79196752503861
64.21690577129985
63.8249072584995
63.9335838362228
63.81292314307634
64.09160609577977
64.07876815352328
63.85422506997752
63.92899965685467
63.99157362206038
63.96106065705765
63.47281012424203
64.0862049280211
64.07757792361947
63.81648970759192
63.7771996786428
63.874450306559716
63.64295522556748
63.96912973980571
64.06732306369516
64.08777753696886
64.17126043452772
63.69841919388882
64.21310602232467
64.347573258156
63.698983547299406
63.78177440998166
63.82298325383386
63.464838582415915
64.11140193495639
63.61819803991983
63.97730448079664
63.37797544168871
64.0420429540235
63.91744578161905
63.941416718239005
63.660584693731266
63.505223784335826
63.5513961925063
64.07072938874711
63.67847032325212
63.94623350542645
63.82734418469806
63.641731306563976
63.79446029663086
63.69814355983291
63.64265399755433
63.75255726659021
63.88133900664573
63.774810946264935
63.490092100099076
63.28073435051497
63.79805799972179
63.83935362793679
63.72452542948168
63.29860647334609
63.381795838821766
64.09275150299072
63.682385932567506
63.65999683113985
63.797668323960416
63.57820945562318
63.528636289197344
63.64020895403485
63.991801084474076
63.61091254478277
63.550623472346814
63.39171935236731
63.562328782192495
63.64417646097582
63.43588671573373
63.52993024781693
63.72528377799101
63.52964232688726
63.669361181037374
63.454297708910566
63.83064933155858
63.417167441789495
63.4864563165709
63.44440333787785
63.60436670170274
63.650074825730435
63.77081196807151
63.63361609259317
63.532675255176635
63.5133298385975
63.683090986207475
63.3194854869399
63.41020309093387
63.55930689878242
63.28987671608149
63.53101348876953
63.47132343469664
63.50789136664812
63.45630186657573
63.600806214088614
63.4533197491668
63.38216825973156
63.38973859299061
63.45987825615462
63.002043236133666
63.15766651685848
63.683753723321956
63.33971420554228
63.518032561901
63.32297351748444
63.2400189998538
63.074647371159045
63.154299846915315
63.26374823548073
63.165642560914506
63.15695523106775
63.349798224693124
63.25838472676832
63.63786599802416
63.40982774246571
63.242882351542626
63.44457413429438
63.38971951950428
63.46102965155313
63.48923441421154
62.92223708574162
62.9735362030739
63.778708990230115
63.25885834804801
63.44099317595016
63.402935848679654
63.41648727239564
62.94902885791867
62.93611785977386
63.394324768421264
63.73988907836204
63.018185815145806
63.23203645750534
63.014314185741334
62.81201189617778
63.00937413060388
62.90495023062063
63.17106754835262
62.81928532622581
63.273810541907025
62.814515357793766
63.36747227158657
63.11546525289846
63.10802734729855
63.14690541112146
62.670489865680075
63.18773983800134
63.14956609592881
63.10426239634669
63.01230610248654
63.23193802944449
63.03062166169632
63.1142057596251
63.21666265088459
62.770668207212935
63.09000738276992
63.08736994100172
62.79696167347043
63.25979305977045
62.77941397733466
63.19990896624188
62.95080994450769
63.155313513999765
63.20589256286621
62.815191978632015
63.356431916702626
62.67150956530904
62.94370813147966
63.202875026436736
