7599.690954164017
756.1531098831532
583.4309873359148
472.60531367812047
384.785625191622
326.0728257645008
281.9834940710733
265.81190313294877
231.89967913960302
216.02754992108012
210.64243556177894
186.5207887693893
168.57275408367778
173.10554513265922
161.59205516549045
151.5177939215372
151.42101097106934
145.8294759794723
135.13083209547887
138.78723570357923
124.29178934319074
121.88392133490984
127.48382058254508
117.56926279289777
110.45991746769396
106.82594219473906
108.9175243821255
98.21971498533736
98.5941724555437
94.54390379439953
93.70439884274505
80.06740441433219
79.07080934214038
78.07837388681811
78.73307716014773
78.10806043757948
77.87760743429494
77.52873797749363
77.02466898186262
76.63519721807435
76.62994930356048
76.84764626968739
76.43772868222969
76.12551482888155
75.54409506154614
74.90247471387997
75.37404872095863
73.91306912621786
73.6399907178657
74.19788012393686
72.57573183192763
72.51860986753951
72.5323605648307
72.41151636700297
72.0099947729776
72.05192519343177
71.38777275972588
70.77528252712516
70.28784472443337
69.8714572995208
68.81083253372547
66.11746231345244
65.68580485499183
65.33435344696045
65.55692994317343
65.47517960570579
65.354152568551
65.43988325429517
65.27874117119367
65.24499059277912
