24.7176
21.9813
21.7228
21.9955
29.4665
24.8221
22.2892
22.0259
22.0920
29.4853
25.0030
22.3373
21.9277
22.3266
28.6933
23.7556
21.3714
21.0359
21.4064
26.1815
21.6069
19.7193
19.5141
19.5814
23.9451
26.6305
29.1112
28.6384
28.9187
25.9840
25.5505
25.1972
24.8909
25.0188
24.3682
23.9332
22.5495
24.0485
0.8225
0.8321
0.8298
0.8382
0.8701
0.8357
0.8399
0.8402
0.8467
0.8759
0.8531
0.8412
0.8345
0.8466
0.8792
0.7996
0.7776
0.7479
0.7662
0.8340
0.7066
0.6760
0.6364
0.6508
0.7678
0.8928
0.8767
0.8844
0.8764
0.8094
0.8188
0.8088
0.9333
0.9370
0.9269
0.9430
0.7301
0.8239
0.4787
0.0140
0.0140
0.0160
0.0160
0.0159
0.0129
0.0140
0.0140
0.0140
0.0149
0.0130
0.0130
0.0140
0.0140
0.0140
0.0139
0.0140
0.0140
0.0139
0.0140
0.0140
0.0160
0.0139
0.0140
0.0130
0.0150
0.0140
0.0130
0.0130
0.0130
0.0150
0.0139
0.0130
0.0150
0.0149
0.0140
0.0267
