31.6011
31.9916
30.2029
30.8344
33.3026
30.7435
31.0412
29.6038
30.1461
32.4469
28.8551
28.8181
27.5631
28.1339
30.2305
27.1143
26.9997
25.7429
26.6391
28.4440
26.0760
26.0707
24.6538
25.5605
27.2880
26.7204
29.7492
29.4902
29.8107
27.8727
27.4512
27.2461
24.1359
23.9252
23.9784
24.8735
26.9497
28.1705
0.9313
0.9356
0.9202
0.9317
0.9516
0.9230
0.9279
0.9160
0.9257
0.9444
0.8961
0.9019
0.8875
0.9001
0.9229
0.8677
0.8705
0.8491
0.8708
0.9007
0.8475
0.8462
0.8190
0.8466
0.8830
0.8955
0.9212
0.9227
0.9268
0.8746
0.8834
0.8667
0.8302
0.8160
0.8305
0.8577
0.8575
0.8892
0.5027
0.0249
0.0249
0.0269
0.0309
0.0249
0.0239
0.0249
0.0239
0.0239
0.0239
0.0239
0.0239
0.0239
0.0259
0.0239
0.0239
0.0239
0.0239
0.0249
0.0239
0.0239
0.0259
0.0279
0.0259
0.0299
0.0259
0.0259
0.0249
0.0239
0.0249
0.0240
0.0249
0.0229
0.0249
0.0458
0.0639
0.0396
